3
4
2

4
0,0.0,0.0,0.0
0.0,0.0,0.0
0.0,1.5707964,0.0
0.0,3.1415927,0.0
0.0,4.712389,0.0

1,0.0,3.0,0.0
0.0,-0.7853982,0.0
0.0,0.78539824,0.0
0.0,2.5525439,0.0
0.0,3.730641,0.0

2,0.0,3.0,0.0
0.0,-1.3744467,0.7853982
0.0,1.3744469,-1.1780974
0.0,2.3561943,0.5890486
0.0,3.9269905,-0.5890486

3,0.0,3.0,0.0
0.0,-1.7671458,0.7853982
0.0,1.5707964,-1.1780974
0.0,2.3561943,1.1780972
0.0,3.9269905,-0.98174775


3
0,0.0,0.0,0.0
0.0,0.0,0.0
0.0,1.5707964,0.0
0.0,3.1415927,0.0
0.0,4.712389,0.0

1,0.0,4.0,0.0
0.0,-1.3744467,1.3744467
0.0,1.5707964,1.3744467
0.0,3.3379424,-0.39269912
0.0,3.730641,-0.5890486

2,0.0,4.0,0.0
0.0,-2.552544,1.3744467
0.0,2.9452434,1.3744467
0.0,3.534292,-0.39269912
0.0,3.3379416,-0.5890486


5
0,0.0,0.0,0.0
0.0,0.0,0.0
0.0,1.5707964,0.0
0.0,3.1415927,0.0
0.0,4.712389,0.0

1,0.0,4.0,0.0
0.0,-1.9634954,0.3926991
0.0,1.9634954,-0.19634955
0.0,2.5525439,0.5890486
0.0,3.730641,-0.5890486

2,0.0,4.0,0.0
0.0,-1.3744469,0.3926991
0.0,1.1780974,-0.19634955
0.0,2.3561943,1.1780972
0.0,3.9269905,-1.1780972

3,0.0,4.0,0.0
0.0,-0.9817478,1.1780974
0.0,0.78539824,-1.1780972
0.0,2.5525439,0.7853981
0.0,3.730641,-0.9817477

4,0.0,4.0,0.0
0.0,-2.1598449,-0.98174775
0.0,2.1598449,0.98174787
0.0,2.7488935,0.392699
0.0,3.5342913,-0.392699