5
0,0.0,0.0,-0.7853982
-2.3561945,0.0
-1.7671458,0.0
3.3379426,0.0
3.926991,0.0

1,0.0,0.0,-0.7853982
-2.1598449,-0.3926991
-1.7671459,1.1780974
3.141593,0.98174775
4.1233406,-0.5890486

2,0.0,0.0,-0.7853982
-2.3561945,-0.7853982
-2.1598449,-0.19634946
3.7306418,-0.39269912
4.1233406,-0.5890486

3,0.0,0.0,-0.7853982
-1.3744469,-1.1780972
-2.1598449,-0.19634946
3.7306418,-0.39269912
4.31969,-1.3744467

4,0.0,0.0,-0.7853982
-2.1598449,-0.19634946
-2.552544,0.98174787
3.141593,0.98174775
4.31969,-1.5707964

